6/28/26, 9:07 PM

Cơ sở dữ liệu trực tuyến thống kê du lịch - Cục Du lịch Quốc Gia Việt Nam

Năm
2009

2010

2011

2012

2013

2014

2015

2016

2017

2018

2019

2022

2023

2024

2025

2026

Phân theo thị trường
Ba Lan
Bỉ

2.237

2.246

3.065

1.247

1.470

1.322

1.517

1.557

1.762

1.778

543

1.690

1.904

1.868

2.892

25.829

37.422

10.627

18.625

19.905

19.013

8.345

13.674

31.828

41.239

44.981

59.291

7.300

7.790

7.148

8.759

10.324

11.302

12.365

2.885

10.282

11.979

11.170

14.675

38.068

55.788

23.292

Các thị trường khác thuộc châu Mỹ

4.667

5.012

5.285

5.658

1.141

4.242

5.658

5.647

6.355

Các thị trường khác thuộc châu Phi

2.077

2.849

3.244

3.670

676

2.161

4.417

4.042

4.808

Các thị trường khác thuộc châu Á

22.584

17.999

10.329

11.556

12.929

40.713

70.196

87.044

111.802

Các thị trường khác thuộc châu Âu

9.975

12.146

13.308

15.841

4.386

19.689

16.282

32.494

49.984

Các thị trường khác thuộc châu Úc

373

156

102

316

21

68

84

163

124

Campuchia

15.919

Canada

5.440

Các thị trường khác

68.607

82.623

43.856

100.422

22.184

96.397

Cộng hòa Séc
Hoa Kỳ

1.321
30.785

30.502

32.304

31.197

29.141

30.772

30.912

36.033

39.740

47.200

48.237

17.828

43.926

48.636

51.955

60.482

3.152

3.137

3.398

4.295

4.628

5.617

5.631

1.671

5.007

6.245

5.126

6.240

51.101

56.187

81.557

111.952

187.359

267.909

318.326

27.859

247.538

351.246

318.572

277.919

Hồng Kông

555

1.825

1.287

2.896

3.706

3.943

3.171

4

8

Indonesia

5.418

5.982

5.534

6.091

6.913

6.601

7.336

2.797

10.010

15.790

17.624

21.624

Lào

7.134

13.802

3.788

11.337

11.975

10.656

8.194

4.540

7.757

10.234

12.183

13.018

27.274

31.721

29.294

35.821

43.296

42.871

47.006

7.578

41.718

32.377

38.178

44.785

894

913

741

926

1.013

1.038

1.030

515

884

947

989

1.118

2.530

2.847

2.284

2.484

3.184

3.184

3.805

490

3.018

3.461

3.960

5.430

11.945

23.932

19.990

21.943

36.171

44.469

38.811

45.944

1.453

8.929

16.105

43.671

113.462

40.455

45.877

50.920

49.182

56.296

61.443

64.462

86.123

7.823

43.854

53.330

61.797

73.344

8.983

10.348

8.591

9.235

12.426

12.707

14.789

3.127

10.610

17.389

39.578

65.875

18.715

17.701

17.129

18.757

18.295

25.466

22.459

5.943

17.914

23.303

22.528

27.440

Phần Lan

546

524

626

588

744

719

844

245

680

Singapore

13.663

15.968

16.585

20.370

22.116

21.118

22.102

11.030

21.737

24.036

28.498

35.163

21.281

27.148

14.155

25.375

24.763

26.954

40.899

7.015

36.778

33.882

36.929

40.253

Thụy sĩ

1.723

2.037

1.744

1.930

1.886

2.275

2.039

680

1.784

2.245

1.648

2.496

Thụy Điển

1.302

1.439

1.369

1.639

1.633

1.797

1.774

574

1.348

1.461

1.504

1.755

148.606

194.018

163.195

221.800

300.531

377.278

427.788

9.559

146.755

357.190

407.572

443.705

Tây Ban Nha

1.890

2.160

2.370

3.003

3.515

3.868

4.511

966

4.158

5.588

5.562

4.742

Vương quốc Anh

12.609

14.783

13.235

17.524

19.891

20.203

22.235

5.622

18.608

21.079

23.659

26.095

21.343

22.088

18.824

20.538

24.191

26.923

28.415

8.159

26.838

33.121

35.597

46.236

Ý

2.187

2.231

2.263

3.079

3.532

3.874

4.532

1.219

3.964

6.014

4.946

5.762

Đan mạch

1.257

1.369

1.344

1.615

1.663

2.035

1.910

773

1.748

1.827

1.694

2.032

32.148

33.688

34.911

39.242

48.644

56.134

72.921

4.758

58.467

110.834

92.683

104.318

3.046

8.136

8.218

9.799

11.340

12.712

12.742

4.465

12.477

15.043

14.615

18.195

10.414

12.376

29.069

38.324

67.629

84.069

Hà Lan
Hàn Quốc

Malaysia

37.659

13.927

40.716

16.846

38.488

20.060

48.409

22.976

Na Uy
New Zealand
Nga
Nhật Bản

28.252

34.175

35.056

Philippines
Pháp

Thái Lan

Trung Quốc

Úc

Đài Loan
Đức
Ấn Độ

14.971

15.253

39.920

14.942

23.086

14.355

18.837

53.385

17.628

25.996

15.327

14.660

130.713

19.365

30.635

16.540

21.828

90.064

19.164

35.590

Totals 292.842 350.982 480.886 456.749 558.751 674.204 576.868 767.373 972.844 1.161.114 1.326.668 172.948 916.257 1.383.703 1.528.352 1.779.875

https://thongke.tourism.vn/index.php/statistic/stat/6?share=99&type=type1&rowcode=14&input-type=4&row-list=14_1401,14_1402,14_140102,14_140106,14_140108,14_140110,14_140111,14_140119,14_140122,1…

1/1

