6/28/26, 9:07 PM

Cơ sở dữ liệu trực tuyến thống kê du lịch - Cục Du lịch Quốc Gia Việt Nam

Năm
2009

2010

2011

2012

2013

2014

2015

2016

2017

2018

2019

2022

2023

2024

2025

2026

Phân theo thị trường
Ba Lan
Bỉ

3.017

3.656

5.680

2.279

2.605

2.523

2.402

2.940

3.535

3.530

379

2.563

3.305

3.570

4.083

26.854

34.345

11.730

12.594

19.002

17.976

12.844

8.316

39.985

41.906

45.626

65.731

9.024

9.032

8.587

10.116

12.244

14.517

14.364

1.935

12.169

15.444

14.265

20.233

31.214

49.094

37.852

Các thị trường khác thuộc châu Mỹ

5.110

6.222

6.785

6.203

594

5.214

6.866

7.437

8.132

Các thị trường khác thuộc châu Phi

2.623

3.265

3.721

4.330

458

2.120

4.084

5.248

5.561

Các thị trường khác thuộc châu Á

25.934

24.544

16.939

17.462

6.913

47.757

69.293

97.544

127.109

Các thị trường khác thuộc châu Âu

13.895

16.674

18.642

20.913

2.978

28.582

39.986

52.443

61.996

Các thị trường khác thuộc châu Úc

502

85

81

99

6

124

116

148

148

Campuchia

21.990

Canada

6.668

Các thị trường khác

79.422

Hoa Kỳ

31.314

100.537

35.444

23.362

121.877

40.641

29.988

174.394

42.600

37.497

36.160

40.290

44.786

48.860

59.778

61.296

12.998

56.240

69.250

64.892

82.930

3.465

4.047

3.553

4.704

5.313

5.819

6.166

936

5.330

6.596

8.503

9.080

55.720

60.301

85.297

111.154

174.373

281.385

338.085

14.025

259.357

367.939

326.140

320.062

Hồng Kông

1.087

1.943

1.415

2.971

3.669

4.048

2.949

3

30

Indonesia

6.679

6.464

4.494

5.215

6.573

7.522

12.174

650

6.089

19.126

23.535

23.885

Lào

8.112

11.166

10.473

9.156

9.939

8.118

7.763

1.996

8.767

10.063

11.871

14.307

29.942

35.116

29.298

33.341

39.654

48.319

61.834

2.682

34.480

38.112

41.239

50.613

Na Uy

2.090

2.106

2.031

1.752

2.417

2.526

2.646

463

1.782

2.107

2.337

2.657

New Zealand

2.817

3.502

3.122

3.383

4.545

4.743

5.520

303

3.503

5.108

6.691

8.035

18.581

28.172

23.623

28.368

35.298

55.490

58.815

58.164

1.077

10.242

19.700

41.806

137.221

52.675

48.581

51.506

48.941

53.031

59.981

64.375

69.449

4.258

43.005

56.834

54.182

64.086

9.327

10.592

9.032

9.419

11.937

12.948

16.004

1.273

12.829

19.199

39.697

72.827

22.178

22.635

21.388

25.940

30.446

30.495

32.159

3.315

20.933

30.587

35.220

38.451

Phần Lan

897

802

945

911

1.177

2.149

1.337

161

721

Singapore

15.643

17.118

18.098

19.945

21.971

23.905

26.242

5.279

24.538

28.050

27.666

35.580

28.269

29.804

22.109

27.574

30.643

35.828

50.189

2.407

54.503

45.248

44.759

50.812

Thụy sĩ

2.903

3.123

2.830

3.064

3.660

3.672

4.187

441

3.112

3.637

4.497

5.035

Thụy Điển

2.441

2.564

2.355

3.185

3.617

3.424

3.350

539

2.128

2.516

2.628

3.192

153.051

216.659

187.080

208.926

322.453

419.590

426.746

7.623

111.903

357.907

368.074

449.524

2.032

2.858

2.917

3.174

4.999

5.437

5.584

539

4.821

7.044

7.256

6.042

19.147

22.774

21.186

25.903

31.447

32.442

34.169

3.699

28.003

36.737

41.779

44.314

31.186

32.075

31.116

31.370

35.176

39.042

38.679

5.716

33.802

47.585

58.379

71.861

Ý

2.341

2.829

2.864

3.850

4.902

5.411

6.035

750

4.407

7.442

10.763

8.178

Đan mạch

2.312

2.665

2.642

2.581

3.614

3.820

4.483

614

3.371

4.153

4.013

4.432

19.341

34.825

33.978

40.053

48.890

63.046

77.215

4.375

61.606

118.812

109.697

117.377

9.318

13.647

13.926

15.750

20.928

21.463

23.482

3.672

21.148

27.004

28.579

30.607

11.597

13.114

28.982

41.760

60.541

81.738

Hà Lan
Hàn Quốc

Malaysia

31.285

13.776

43.152

16.933

43.817

16.184

Nga
Nhật Bản

29.745

36.085

41.450

68.272

23.227

Philippines
Pháp

Thái Lan

Trung Quốc

18.418

15.980

35.590

19.583

19.080

23.827

20.948

84.329

87.649

121.580

Tây Ban Nha
Vương quốc Anh
Úc

Đài Loan
Đức
Ấn Độ

12.594
20.024

23.208

26.071

27.536

26.332

27.014

27.597

37.259

Totals 305.430 432.608 460.000 620.000 613.919 745.980 690.440 799.612 1.071.650 1.341.913 1.468.766 101.373 984.146 1.556.533 1.654.681 2.031.519

https://thongke.tourism.vn/index.php/statistic/stat/6?share=99&type=type1&rowcode=14&input-type=4&row-list=14_1401,14_1402,14_140102,14_140106,14_140108,14_140110,14_140111,14_140119,14_140122,1…

1/1

