6/28/26, 9:08 PM

Cơ sở dữ liệu trực tuyến thống kê du lịch - Cục Du lịch Quốc Gia Việt Nam

Năm
2008

2009

2010

2011

2012

2013

2014

2015

2016

2017

2018

2019

2022

2023

2024

2025

Phân theo thị trường
Ba Lan
Bỉ

918

1.807

3.044

1.326

1.343

1.521

1.923

2.175

2.354

2.766

1.524

2.096

2.149

2.556

32.630

32.839

30.810

26.318

16.414

16.839

37.633

22.940

33.579

30.770

45.237

5.756

5.857

5.130

6.560

6.664

7.718

8.472

5.077

7.531

8.379

8.963

50.635

26.036

26.900

Các thị trường khác thuộc châu Mỹ

3.708

3.666

4.099

4.578

2.092

3.935

4.566

5.230

Các thị trường khác thuộc châu Phi

2.182

2.828

3.153

4.210

1.358

2.882

4.663

4.862

Các thị trường khác thuộc châu Á

24.456

19.152

13.914

12.065

31.000

41.983

59.834

86.815

Các thị trường khác thuộc châu Âu

11.523

11.289

12.642

14.864

7.066

15.199

12.071

18.188

Các thị trường khác thuộc châu Úc

473

147

33

123

43

77

137

143

Campuchia

12.033

Canada

4.965

Châu Á

205.765

Châu Âu

40.556

Các thị trường khác

16.007

Hoa Kỳ

27.215

Hà Lan

2.456

Hàn Quốc

31.805

Hồng Kông

24.789

23.566

24.916

4.238

86.385

31.368

34.847

38.847

42.683

48.718

37.166

45.960

49.387

49.769

2.987

3.033

3.234

4.260

4.319

4.663

5.085

2.801

4.427

4.730

5.109

57.784

68.983

80.199

128.911

213.538

277.249

339.560

119.636

310.627

355.712

328.530

390

630

790

2.528

2.899

5.093

6.424

1.798

14

3

Indonesia

2.177

4.855

5.365

4.771

5.491

6.117

8.020

9.040

5.767

9.556

13.391

16.655

Lào

4.755

12.534

10.930

16.512

15.470

11.873

10.288

12.836

9.718

11.010

10.020

13.076

Malaysia

13.433

24.864

25.154

30.377

35.399

39.301

47.812

50.471

24.521

40.703

43.219

61.214

685

892

860

907

969

899

975

1.066

802

1.009

1.199

1.384

New Zealand

1.840

2.492

2.581

2.457

4.385

4.688

4.899

3.956

1.400

3.376

3.982

5.284

Nga

3.388

16.728

24.209

23.868

33.515

36.196

41.615

41.390

3.135

9.446

17.177

58.489

Nhật Bản

40.219

57.014

61.079

68.243

72.833

80.304

77.980

91.801

24.639

65.271

68.068

78.086

Philippines

3.822

9.010

9.360

9.070

10.339

10.915

13.227

16.248

5.942

14.076

22.475

41.372

Pháp

11.832

11.329

11.286

11.321

13.522

13.214

14.324

14.967

7.948

13.162

13.937

17.026

12.947

38.807

9.929

33.861

17.563

40.042

9.880

16.613

108.983

29.150

25.389

29.110

67.658

29.126

Na Uy

23.599

87.887

23.449

14.237

27.118

7.315

28.913

46.208

21.169

51.783

10.470

Phần Lan

297

793

880

506

538

528

632

614

351

491

Singapore

13.278

15.907

15.929

19.463

21.114

22.241

22.690

25.371

20.344

25.078

26.408

33.012

Thái Lan

14.814

20.406

19.512

14.241

18.016

19.522

23.991

34.350

21.812

30.052

26.874

30.142

Thụy sĩ

1.174

1.373

1.377

1.334

1.444

1.410

1.541

1.453

1.024

1.406

1.577

1.987

Thụy Điển

963

1.208

1.148

1.090

1.234

1.219

1.391

1.327

831

1.103

1.323

1.475

Trung Quốc

45.695

169.682

148.895

150.753

235.077

283.223

407.087

604.922

13.171

172.694

257.967

361.627

Tây Ban Nha

2.790

3.852

4.732

5.052

6.565

8.054

9.479

10.414

4.407

10.501

9.034

8.240

Vương quốc Anh

7.605

12.600

13.173

13.573

17.050

18.707

18.594

20.633

10.072

16.682

16.423

19.751

Úc

18.652

24.539

24.345

23.151

24.487

29.261

28.361

29.125

17.413

31.306

40.600

43.255

Ý

1.194

2.176

2.309

2.684

3.347

3.782

3.998

4.313

2.441

5.131

4.721

5.576

Đan mạch

1.073

1.156

1.160

1.209

1.305

1.525

1.563

1.673

1.144

1.406

1.769

1.778

Đài Loan

23.344

32.840

29.678

34.428

40.743

46.524

58.399

78.117

14.273

77.084

104.064

87.218

Đức

6.181

7.703

8.888

9.624

12.232

12.317

13.429

13.713

10.037

14.460

14.972

16.900

10.531

13.602

31.147

41.399

61.395

Ấn Độ

10.073

55.791

16.877

20.384

17.627

77.682

21.016

24.006

10.835

69.026

11.381

15.420

17.863

98.423

22.191

29.319

Totals 561.321 304.419 383.463 286.618 460.238 614.827 590.881 626.324 823.135 975.952 1.212.597 1.561.274 431.909 1.054.449 1.274.804 1.523.388

https://thongke.tourism.vn/index.php/statistic/stat/6?share=99&type=type1&rowcode=14&input-type=4&row-list=14_1401,14_1402,14_140102,14_140106,14_140108,14_140110,14_140111,14_140119,14_140122,1…

1/1

