6/28/26, 9:08 PM

Cơ sở dữ liệu trực tuyến thống kê du lịch - Cục Du lịch Quốc Gia Việt Nam

Năm
2008

2009

2010

2011

2012

2013

2014

2015

2016

2017

2018

2019

2022

2023

2024

2025

Phân theo thị trường
Ba Lan
Bỉ

7.196

10.646

1.706

1.834

1.828

2.075

2.078

2.361

2.282

2.689

1.619

2.307

2.652

3.127

32.589

32.191

37.422

20.504

17.593

14.286

18.555

27.472

28.432

42.714

61.008

72.877

9.043

9.595

9.100

9.963

11.835

12.722

13.199

13.822

10.229

12.569

13.885

17.612

38.352

63.663

28.948

53.909

Các thị trường khác thuộc châu Mỹ

4.726

5.008

5.043

5.842

3.206

5.121

4.568

10.553

Các thị trường khác thuộc châu Phi

3.495

4.020

4.608

5.049

1.939

3.809

3.891

5.037

Các thị trường khác thuộc châu Á

18.441

23.351

14.056

14.471

62.110

56.652

65.450

88.251

Các thị trường khác thuộc châu Âu

15.405

19.555

20.722

24.288

17.553

66.168

63.213

72.750

Các thị trường khác thuộc châu Úc

62

122

82

125

191

98

150

200

Campuchia

20.839

41.781

Canada
Các thị trường khác

Hoa Kỳ

93.247

38.404

122.481

35.841

115.228

35.585

141.966

43.402

36.480

35.879

37.007

44.927

46.447

53.773

54.891

62.295

52.084

58.695

73.722

83.024

3.803

3.850

3.982

4.748

5.164

5.758

5.863

5.926

4.207

5.594

6.300

7.545

64.978

65.862

83.123

114.741

154.165

257.107

324.545

424.736

201.489

372.212

435.069

388.732

Hồng Kông

700

1.817

1.032

2.827

5.036

5.521

1.356

5

Indonesia

5.443

5.206

4.956

5.344

6.565

6.796

6.939

9.457

5.777

12.173

17.892

18.025

Lào

13.554

9.052

8.211

9.188

11.520

8.993

8.937

7.776

7.407

8.071

19.535

10.876

35.058

43.011

39.910

39.609

48.308

61.883

65.298

70.348

41.691

51.299

54.488

63.686

Na Uy

1.734

1.720

1.789

1.707

1.758

1.922

1.985

2.247

1.372

1.882

3.391

3.906

New Zealand

2.337

2.422

2.453

2.545

2.769

2.968

3.050

2.926

1.963

2.886

4.278

4.772

Nga

13.648

34.266

34.524

41.459

50.197

56.932

54.458

60.877

10.281

13.891

28.520

96.874

51.890

50.465

56.293

58.770

63.601

69.125

70.711

79.737

28.118

62.305

55.542

60.095

7.790

8.311

7.541

8.913

8.995

12.024

14.357

14.979

9.613

15.311

31.807

51.328

16.814

16.635

16.296

17.746

20.062

19.934

21.009

21.896

14.567

20.357

24.290

28.573

1.592

1.530

1.744

1.877

2.213

2.594

2.486

2.654

845

22.513

24.861

26.220

31.219

33.895

37.975

37.689

40.866

44.335

44.526

46.055

61.055

21.639

27.053

20.734

29.072

27.643

33.324

42.603

58.601

48.768

47.365

40.771

42.767

Thụy sĩ

2.342

2.440

2.384

2.550

2.701

2.825

3.369

3.638

1.910

2.696

3.390

4.507

Thụy Điển

3.619

3.588

3.805

4.026

4.014

4.814

5.385

4.492

2.184

2.943

5.713

6.394

141.117

181.671

133.590

169.106

216.662

413.839

405.573

558.432

16.988

234.253

387.861

487.557

Tây Ban Nha

2.125

2.184

2.720

2.856

4.219

5.144

4.355

5.089

4.296

7.667

6.649

7.788

Vương quốc Anh

13.685

14.774

14.632

17.771

19.284

21.447

22.500

22.558

15.392

21.378

26.627

30.768

28.216

29.533

29.479

28.361

26.855

32.906

31.009

29.670

24.742

37.040

51.146

52.591

Ý

2.361

2.387

2.836

3.565

4.085

4.811

5.382

5.086

3.480

5.790

8.220

9.490

Đan mạch

1.826

2.001

1.854

2.188

2.259

2.462

2.695

2.705

1.793

2.388

3.462

3.909

28.564

32.486

30.053

36.525

42.049

53.931

64.365

80.506

25.154

92.835

111.246

98.096

9.155

12.062

12.838

13.754

15.387

16.605

18.252

18.757

13.331

18.225

23.468

27.574

12.461

18.800

39.915

55.785

90.634

Hà Lan
Hàn Quốc

Malaysia

Nhật Bản

32.727

19.863

34.788

34.731

20.078

32.957

45.529

23.818

43.517

52.928

23.003

47.512

Philippines
Pháp

16.565

15.124

17.058

20.863

Phần Lan
Singapore

21.490

Thái Lan

14.125

Trung Quốc

Úc

Đài Loan
Đức
Ấn Độ

59.114

23.814

21.858

13.883

51.121

25.176

25.008

21.459

72.279

26.803

27.455

17.940

139.797

28.591

35.625

Totals 375.995 376.400 449.570 593.408 614.673 722.349 657.304 779.018 897.279 1.276.353 1.374.235 1.710.168 707.071 1.371.135 1.747.240 2.021.619

https://thongke.tourism.vn/index.php/statistic/stat/6?share=99&type=type1&rowcode=14&input-type=4&row-list=14_1401,14_1402,14_140102,14_140106,14_140108,14_140110,14_140111,14_140119,14_140122,1…

1/1

