6/28/26, 9:08 PM

Cơ sở dữ liệu trực tuyến thống kê du lịch - Cục Du lịch Quốc Gia Việt Nam

Năm
2008

2009

2010

2011

2012

2013

2014

2015

2016

2017

2018

2019

2022

2023

2024

2025

Phân theo thị trường
Ba Lan
Bỉ

9.629

12.737

2.429

2.260

2.535

3.092

3.124

3.073

3.651

2.112

3.081

3.762

4.726

35.373

32.131

18.929

21.662

22.086

13.310

50.270

37.596

33.063

47.815

64.601

10.631

8.554

10.494

13.010

13.766

14.390

16.028

10.515

14.124

17.582

20.881

54.096

10.857

33.142

Các thị trường khác thuộc châu Mỹ

6.371

6.614

6.290

6.813

4.073

5.922

8.268

9.910

Các thị trường khác thuộc châu Phi

2.473

2.819

3.376

4.046

1.622

3.101

4.146

5.418

Các thị trường khác thuộc châu Á

24.438

20.600

11.958

14.367

56.223

45.752

155.043

129.357

Các thị trường khác thuộc châu Âu

21.064

21.687

22.571

28.471

14.680

42.228

29.874

61.867

Các thị trường khác thuộc châu Úc

370

164

66

519

59

87

140

198

Campuchia

16.325

Canada

32.940

7.809

Các thị trường khác

Hoa Kỳ

40.571

75.783

21.495

124.633

33.063

112.133

37.335

160.625

35.166

179.662

36.673

36.555

32.316

42.378

44.890

53.990

55.842

61.451

47.912

59.445

69.237

81.044

4.422

4.124

5.247

6.185

6.403

6.576

7.040

4.257

6.776

8.040

9.482

64.161

78.129

100.782

132.698

224.056

293.481

364.260

144.258

316.839

399.150

343.998

Hồng Kông

1.129

627

1.821

3.225

3.519

5.937

2.024

10

Indonesia

6.145

5.245

5.398

6.289

7.191

7.737

9.106

5.819

11.843

15.310

18.820

Lào

9.284

6.424

9.929

13.544

8.512

6.438

9.153

7.467

7.400

9.430

10.283

34.037

28.877

30.175

39.381

43.526

52.338

55.788

29.181

46.825

48.446

55.507

Na Uy

1.796

1.679

1.798

1.885

1.969

2.117

2.192

1.236

1.838

2.468

2.904

New Zealand

2.551

2.188

2.420

3.364

3.268

3.348

3.319

2.108

3.262

4.162

5.055

Nga

35.751

50.894

37.054

53.005

59.916

56.416

65.918

7.210

13.736

25.970

91.145

55.860

55.823

60.687

65.590

70.766

72.008

85.551

26.424

58.485

71.014

75.441

10.213

8.242

9.794

11.858

13.778

15.097

18.164

8.611

15.710

33.153

50.702

22.092

19.640

21.099

25.028

26.645

27.625

30.916

15.968

25.331

33.027

38.957

1.034

928

986

1.345

1.364

1.267

1.489

694

913

18.629

18.787

21.283

23.401

24.399

24.848

30.247

26.328

29.605

35.407

39.672

25.621

15.550

23.299

27.070

29.102

37.303

53.292

38.878

49.987

37.520

40.797

Thụy sĩ

3.478

2.857

3.254

3.638

3.834

3.769

4.049

2.209

3.304

4.085

4.886

Thụy Điển

2.948

2.584

3.246

3.385

3.645

3.877

3.605

1.635

2.655

3.376

3.921

190.310

129.672

175.841

251.671

348.733

380.139

673.221

15.800

202.009

339.399

467.090

Tây Ban Nha

3.411

3.824

4.550

5.957

6.768

7.874

8.346

4.466

8.874

11.291

12.270

Vương quốc Anh

19.433

17.513

23.285

26.509

28.350

27.568

30.165

16.931

26.100

31.398

36.548

23.328

20.105

22.132

23.676

28.972

27.670

27.355

21.298

33.233

44.039

48.410

Ý

3.361

3.564

4.591

5.298

6.189

6.750

7.193

3.395

5.983

10.723

12.609

Đan mạch

2.260

1.836

2.114

2.481

2.791

2.918

2.929

2.265

3.022

3.255

3.454

34.863

27.509

36.932

41.851

49.469

60.943

83.771

20.805

91.560

114.949

100.149

15.833

15.878

17.545

21.075

24.553

24.177

26.882

14.874

22.966

29.270

34.457

12.812

17.989

38.312

51.133

80.878

Hà Lan
Hàn Quốc

Malaysia

Nhật Bản

24.360

12.341

24.985

29.917

15.633

34.593

45.797

20.318

43.112

54.729

23.417

48.346

59.774

31.050

53.139

Philippines
Pháp

16.705

19.612

21.736

21.531

21.840

Phần Lan
Singapore

9.926

Thái Lan

14.988

Trung Quốc

Úc

Đài Loan
Đức
Ấn Độ

52.296

11.911

15.114

13.632

64.736

20.113

24.130

20.258

61.282

22.684

27.315

20.198

152.031

25.596

29.654

25.399

160.161

24.224

30.839

Totals 279.904 387.871 428.295 611.864 655.701 731.034 608.617 732.740 936.779 1.172.568 1.301.909 1.809.580 596.919 1.233.371 1.711.511 1.978.174

https://thongke.tourism.vn/index.php/statistic/stat/6?share=99&type=type1&rowcode=14&input-type=4&row-list=14_1401,14_1402,14_140102,14_140106,14_140108,14_140110,14_140111,14_140119,14_140122,1…

1/1

