6/28/26, 9:08 PM

Cơ sở dữ liệu trực tuyến thống kê du lịch - Cục Du lịch Quốc Gia Việt Nam

Năm
2009

2010

2011

2012

2013

2014

2015

2016

2017

2018

2019

2022

2023

2024

2025

Phân theo thị trường
Ba Lan
Bỉ

1.742

2.478

2.136

2.260

2.286

2.481

2.795

3.067

3.676

1.651

2.871

2.492

2.899

28.593

29.066

8.714

13.951

22.408

7.594

7.075

21.575

30.915

34.934

43.211

7.085

6.994

6.777

7.738

8.595

9.143

9.736

5.072

8.049

8.610

9.540

51.655

13.169

27.009

Các thị trường khác thuộc châu Mỹ

3.394

4.038

3.977

4.533

2.167

3.822

4.212

4.746

Các thị trường khác thuộc châu Phi

2.374

3.218

3.659

3.909

1.629

2.803

5.030

5.733

Các thị trường khác thuộc châu Á

23.070

18.524

11.946

14.193

29.560

45.342

49.726

93.442

Các thị trường khác thuộc châu Âu

12.929

14.314

15.679

16.599

8.414

17.425

14.568

22.294

Các thị trường khác thuộc châu Úc

378

163

66

50

45

71

176

123

Campuchia

22.392

Canada

6.186

Các thị trường khác

90.203

Hoa Kỳ

32.207

109.638

28.897

40.013

128.123

32.308

24.613

129.079

30.601

29.732

32.067

35.725

42.322

47.522

52.459

54.684

36.544

57.460

51.228

51.166

5.709

6.510

6.570

9.616

10.693

11.198

11.705

5.063

10.728

8.564

8.690

65.153

87.457

104.146

147.028

240.985

320.714

401.038

173.599

385.904

421.158

384.167

Hồng Kông

853

982

2.671

3.408

4.610

6.390

2.303

8

5

Indonesia

7.881

7.733

5.996

5.628

6.431

7.081

7.692

3.961

7.919

12.041

14.553

Lào

15.820

15.716

12.029

12.882

20.705

9.997

6.780

16.015

16.605

19.630

19.918

22.760

19.284

24.531

26.207

31.082

37.848

45.482

16.299

30.261

32.202

40.246

Na Uy

1.276

1.396

1.289

1.411

1.474

1.545

1.823

913

1.769

1.186

1.235

New Zealand

2.546

2.712

2.745

4.587

5.566

5.409

3.927

1.476

3.151

3.941

4.387

Nga

18.776

24.024

22.079

32.307

36.282

40.211

39.967

2.793

8.954

19.391

61.534

54.018

62.822

63.243

69.083

80.570

81.342

96.250

25.783

65.505

80.731

90.421

8.167

8.911

8.254

9.475

11.017

12.662

13.833

5.771

15.041

24.872

40.712

21.367

21.354

20.904

23.877

25.641

26.223

26.247

10.404

21.161

23.664

28.333

Phần Lan

620

719

478

414

449

498

587

72

453

Singapore

14.450

14.319

19.206

17.842

19.283

21.272

24.276

17.247

24.383

24.313

29.169

22.862

19.648

15.066

17.785

21.373

25.420

33.594

21.459

31.294

26.574

31.279

Thụy sĩ

2.158

2.321

1.955

2.396

2.416

2.375

2.558

1.404

2.391

1.893

2.023

Thụy Điển

1.140

1.324

1.171

1.465

1.563

1.623

1.594

795

1.387

1.032

1.384

190.358

135.170

159.010

283.995

436.164

428.958

482.004

11.939

212.301

307.077

414.247

Tây Ban Nha

6.711

8.441

9.541

12.784

14.098

16.106

17.944

5.397

13.439

17.093

15.922

Vương quốc Anh

18.070

20.427

21.000

25.171

27.652

27.516

29.491

12.648

23.041

23.440

27.901

22.365

22.075

21.709

23.336

28.487

28.705

27.708

15.781

30.423

33.433

34.313

Ý

4.733

5.524

5.505

7.552

8.213

9.043

9.542

3.312

8.292

14.430

16.210

Đan mạch

1.655

1.706

1.602

1.837

2.085

2.612

2.274

1.406

1.839

1.466

1.603

37.033

30.821

40.357

45.176

54.150

64.094

79.339

15.346

82.939

117.848

102.543

11.037

13.636

13.417

15.967

16.597

16.156

16.426

10.859

16.077

18.141

22.419

10.958

13.608

33.401

39.971

56.131

Hà Lan
Hàn Quốc

Malaysia

Nhật Bản

36.386

11.914

31.081

42.328

16.629

37.401

52.072

17.565

45.324

59.255

20.588

46.842

Philippines
Pháp

Thái Lan

Trung Quốc

Úc

Đài Loan
Đức
Ấn Độ

17.326

10.593

39.425

13.960

25.634

19.963

18.235

86.401

17.509

28.542

22.813

19.007

143.671

19.808

31.530

20.993

19.695

120.514

19.860

33.252

Totals 314.915 427.935 552.234 525.292 676.719 618.588 664.985 909.866 1.229.163 1.323.546 1.512.447 486.407 1.217.421 1.446.809 1.684.972

https://thongke.tourism.vn/index.php/statistic/stat/6?share=99&type=type1&rowcode=14&input-type=4&row-list=14_1401,14_1402,14_140102,14_140106,14_140108,14_140110,14_140111,14_140119,14_140122,1…

1/1

