6/28/26, 9:08 PM

Cơ sở dữ liệu trực tuyến thống kê du lịch - Cục Du lịch Quốc Gia Việt Nam

Năm
2008

2009

2010

2011

2012

2013

2014

2015

2016

2017

2018

2019

2022

2023

2024

2025

Phân theo thị trường
Ba Lan
Bỉ

1.331

Campuchia

6.875

Canada

5.363

3.472

Các thị trường khác

12.236

60.528

3.582

1.369

1.656

1.646

1.915

2.082

2.105

1.198

1.799

2.726

3.083

36.634

19.429

26.358

16.348

14.963

41.656

29.918

36.463

40.030

59.784

7.220

5.970

7.067

8.438

9.067

10.171

10.647

7.001

10.323

12.390

13.392

124.247

21.780

26.126

Các thị trường khác thuộc châu Mỹ

4.525

4.798

5.244

5.791

2.644

4.690

5.579

6.941

Các thị trường khác thuộc châu Phi

2.446

3.023

3.694

4.412

1.495

2.828

4.023

5.148

Các thị trường khác thuộc châu Á

27.256

20.499

10.534

4.252

43.265

40.084

65.100

85.014

Các thị trường khác thuộc châu Âu

12.186

12.838

14.548

17.504

8.436

18.675

40.510

35.509

Các thị trường khác thuộc châu Úc

464

124

96

116

62

83

103

189

Hoa Kỳ

25.769

Hà Lan

2.927

Hàn Quốc

33.898

Hồng Kông

1.304

2.852

27.474

35.754

39.658

42.949

47.859

53.312

41.568

50.067

58.221

62.083

3.530

3.309

4.054

4.948

5.181

5.305

5.621

3.428

5.391

6.026

6.473

56.628

69.608

86.775

123.052

219.733

303.417

361.113

130.185

321.171

367.022

360.941

644

722

705

2.204

2.857

4.228

5.541

16.434

6

4

Indonesia

2.932

5.264

5.201

5.291

5.418

6.206

6.444

8.706

5.014

10.688

15.281

15.495

Lào

1.602

8.215

9.323

11.348

11.656

8.527

8.339

9.710

6.395

7.909

8.599

10.598

Malaysia

14.702

25.381

21.666

26.306

32.062

40.229

40.635

46.783

23.315

38.585

35.932

49.261

918

1.291

1.154

1.342

1.325

1.252

1.328

1.399

912

1.204

1.484

1.791

New Zealand

2.066

2.924

2.826

2.905

4.723

5.422

5.133

4.486

1.734

3.623

4.535

4.731

Nga

4.045

22.064

14.970

23.995

31.716

36.681

40.777

41.561

4.637

9.690

18.428

66.534

Nhật Bản

35.165

47.721

50.065

53.464

56.210

59.896

60.254

74.142

23.800

54.288

55.902

60.861

Philippines

4.045

8.391

7.694

8.409

9.131

10.342

12.067

15.266

6.344

12.267

25.762

43.392

Pháp

12.449

13.582

13.843

14.977

16.105

15.578

17.534

18.952

9.220

14.683

22.910

26.552

1.458

597

771

635

825

1.038

822

514

701

15.836

18.565

19.139

22.131

20.928

22.728

20.145

25.057

24.733

32.506

21.263

15.407

20.989

22.835

27.918

32.817

52.604

31.650

40.596

38.795

47.694

8.799

23.933

8.161

39.197

17.322

37.733

13.136

32.371

130.174

30.234

15.109

33.185

110.492

24.187

31.579

Na Uy

17.662

105.903

38.795

47.888

18.548

41.906

12.806

31.295

52.179

21.758

46.380

15.628

Phần Lan

400

Singapore

11.240

Thái Lan

15.325

Thụy sĩ

1.476

1.997

2.062

2.131

2.345

2.467

2.445

2.585

1.478

2.166

2.645

3.317

Thụy Điển

1.308

1.749

1.487

1.767

1.819

1.987

2.078

1.922

1.042

1.437

2.197

2.295

Trung Quốc

38.765

176.852

143.786

175.421

240.912

309.480

371.361

597.589

13.964

184.370

305.464

433.390

Tây Ban Nha

2.279

3.047

3.824

4.552

5.597

6.279

7.366

7.217

3.945

7.682

8.685

8.846

Vương quốc Anh

8.397

14.325

13.597

17.456

19.154

20.666

22.009

25.006

12.294

18.828

23.659

27.736

Úc

18.208

25.387

24.735

26.613

32.835

33.395

34.606

19.922

36.678

40.392

46.236

Ý

1.330

2.186

2.377

2.908

3.558

3.669

3.794

4.485

2.423

3.858

5.719

6.674

Đan mạch

1.883

1.659

1.631

1.819

2.017

2.279

2.654

2.589

1.642

2.274

2.683

2.946

Đài Loan

21.214

34.057

26.821

35.051

41.408

54.506

61.105

87.996

13.885

91.528

108.861

106.865

Đức

7.950

10.039

9.839

11.832

13.933

15.021

16.435

17.786

10.874

16.870

21.194

22.758

11.767

16.434

35.966

41.391

70.325

Ấn Độ

9.233

54.525

12.536

13.901

19.463

95.869

23.244

27.545

15.280

145.564

25.023

29.804

18.130

103.226

20.898

36.666

Totals 296.742 227.859 440.071 518.477 500.521 628.695 559.002 649.099 822.145 1.024.899 1.205.157 1.618.337 484.355 1.112.526 1.419.833 1.732.942

https://thongke.tourism.vn/index.php/statistic/stat/6?share=99&type=type1&rowcode=14&input-type=4&row-list=14_1401,14_1402,14_140102,14_140106,14_140108,14_140110,14_140111,14_140119,14_140122,1…

1/1

