6/28/26, 9:06 PM

Cơ sở dữ liệu trực tuyến thống kê du lịch - Cục Du lịch Quốc Gia Việt Nam

Năm
2009

2010

2011

2012

2013

2014

2015

2016

2017

2018

2019

2020

2022

2023

2024

2025

2026

Phân theo thị trường
Ba Lan
Bỉ

6.710

8.678

17.240

1.723

1.990

1.827

1.957

2.498

2.580

2.564

2.782

50

1.742

2.495

2.531

3.237

29.605

31.299

29.977

13.355

18.012

24.606

9.521

40.930

143

34.046

37.279

100.150

223.025

11.743

13.494

11.375

13.383

15.712

16.340

17.358

19.692

132

13.528

14.156

18.785

23.083

32.960

73.163

60.519

Các thị trường khác thuộc châu Mỹ

6.433

7.713

8.688

7.293

9.124

211

4.719

7.404

8.333

9.991

Các thị trường khác thuộc châu Phi

2.938

3.985

5.012

4.906

5.986

80

2.305

5.148

5.035

7.319

Các thị trường khác thuộc châu Á

23.511

22.575

16.523

16.414

18.786

1.815

47.059

71.827

124.312

113.208

Các thị trường khác thuộc châu Âu

18.424

18.796

25.130

26.431

32.550

1.090

21.641

74.958

80.101

112.083

Các thị trường khác thuộc châu Úc

628

71

141

81

330

2

74

115

135

201

57.378

67.262

72.638

80.658

96.548

883

77.897

75.651

92.538

103.597

5.259

6.522

7.014

6.870

7.129

103

5.156

7.017

7.595

9.458

417.576

417.116

489.669

Campuchia

21.577

Canada

10.043

Các thị trường khác

Hoa Kỳ

42.085

93.223

33.379

135.936

39.146

142.003

46.800

125.321

59.326

46.364

51.800

4.253

4.569

84.283

82.277

116.450

149.330

171.932

316.314

388.977

468.423

3.564

258.946

Hồng Kông

887

1.660

1.094

2.851

2.984

5.575

6.324

1.505

1

9

Indonesia

7.074

6.923

6.060

6.161

6.990

8.264

9.813

12.378

82

8.157

17.923

19.274

27.253

Lào

10.389

8.592

8.396

7.478

10.594

9.303

6.788

9.672

1.702

7.267

7.560

15.072

11.206

23.004

25.747

25.288

29.310

32.471

44.003

48.147

50.801

177

37.267

48.504

42.935

62.441

Na Uy

2.030

2.836

2.106

2.375

2.334

2.748

3.063

3.656

33

2.209

2.775

3.764

4.588

New Zealand

3.663

4.008

3.949

3.717

4.490

5.038

4.970

5.508

21

5.220

5.604

6.415

Nga

25.767

48.632

34.674

42.909

58.586

74.332

75.964

88.228

1.712

12.812

19.614

42.515

125.449

51.486

57.808

57.593

63.832

66.394

71.832

79.981

89.082

1.168

34.170

60.630

72.311

84.532

7.739

9.381

7.555

8.688

9.889

13.137

15.764

16.419

176

11.714

16.877

34.578

60.524

18.477

19.835

18.780

20.645

21.601

26.657

26.992

28.419

322

16.698

24.123

28.012

35.101

2.562

2.489

3.032

3.025

3.570

5.266

4.649

4.401

9

1.226

15.513

16.473

19.170

21.723

22.259

25.811

25.167

26.884

116

31.554

34.391

25.817

39.165

21.132

24.056

18.996

24.863

29.015

32.287

45.105

63.182

360

54.985

40.535

40.464

44.755

Thụy sĩ

3.279

6.091

3.506

3.520

3.918

4.215

4.544

5.039

23

2.676

3.658

3.999

5.067

Thụy Điển

5.907

3.728

5.588

6.728

8.567

10.598

11.239

10.625

24

3.381

4.588

6.048

7.999

143.939

158.734

119.517

147.510

247.621

418.493

373.537

644.702

3.048

15.875

242.181

574.950

459.435

1.966

2.174

2.839

3.244

4.127

4.376

4.595

5.099

93

3.377

5.209

5.584

7.493

17.863

15.933

18.857

18.120

21.851

24.094

28.449

29.545

32.114

391

21.509

29.374

33.435

41.119

30.664

41.296

46.320

39.577

42.452

44.143

50.123

50.337

53.891

214

44.225

62.100

66.504

75.021

Ý

3.651

4.210

4.745

6.111

6.812

8.414

8.741

10.018

144

4.691

9.430

11.490

16.461

Đan mạch

2.778

3.229

3.108

3.440

3.791

4.705

5.460

5.178

70

2.685

4.158

4.898

5.656

28.306

31.488

29.094

33.683

39.495

48.542

63.789

76.114

1.495

31.334

84.213

91.373

101.292

4.103

14.701

16.488

18.415

21.037

21.850

23.951

273

17.410

22.778

27.994

33.037

12.051

14.329

24.979

35.529

46.136

48.536

87.604

Hà Lan
Hàn Quốc

Malaysia

Nhật Bản

32.997

18.989

34.721

42.068

13.848

33.930

51.794

17.554

45.085

60.624

20.769

56.913

Philippines
Pháp

19.308

14.916

18.964

25.270

Phần Lan
Singapore

18.295

Thái Lan

16.446

Trung Quốc

60.723

11.520

59.426

19.194

76.358

147.667

Tây Ban Nha
Vương quốc Anh
Úc

Đài Loan
Đức
Ấn Độ

20.680

21.239

31.788

23.628

40.779

26.316

43.499

47.757

Totals 370.000 416.249 506.424 630.001 651.812 776.564 700.692 815.200 1.007.238 1.430.242 1.501.766 1.994.125 19.727 867.873 1.512.313 2.070.466 2.453.724

https://thongke.tourism.vn/index.php/statistic/stat/6?share=99&type=type1&rowcode=14&input-type=4&row-list=14_1401,14_1402,14_140102,14_140106,14_140108,14_140110,14_140111,14_140119,14_140122,1…

1/1

