6/28/26, 9:07 PM

Cơ sở dữ liệu trực tuyến thống kê du lịch - Cục Du lịch Quốc Gia Việt Nam

Năm
2009

2010

2011

2012

2013

2014

2015

2016

2017

2018

2019

2020

2022

2023

2024

2025

2026

Phân theo thị trường
Ba Lan
Bỉ

6.449

9.674

11.529

1.913

2.026

1.867

2.357

2.385

2.438

2.549

1.971

89

2.337

3.384

3.874

3.915

25.399

32.484

19.756

18.415

15.314

22.022

10.774

35.220

1.090

25.699

34.635

91.845

52.872

10.222

10.231

10.790

12.333

13.762

15.379

17.212

6.066

919

14.124

17.649

19.389

24.616

20.008

36.997

39.246

Các thị trường khác thuộc châu Mỹ

5.149

5.962

5.499

6.014

3.491

247

4.183

6.038

7.129

7.237

Các thị trường khác thuộc châu Phi

1.968

2.383

3.210

3.319

2.065

248

1.834

3.896

3.166

3.712

Các thị trường khác thuộc châu Á

22.069

18.461

12.380

12.822

10.196

1.412

47.806

70.373

97.610

110.069

Các thị trường khác thuộc châu Âu

17.456

18.257

21.672

25.349

17.061

1.067

40.524

73.801

69.390

81.651

Các thị trường khác thuộc châu Úc

464

106

72

100

47

3

49

87

102

120

Campuchia

25.773

Canada

7.051

Các thị trường khác

84.839

Hoa Kỳ

31.368

125.522

38.529

30.017

126.545

37.107

28.887

160.000

36.875

37.273

37.718

40.666

47.220

48.880

55.881

61.619

17.653

6.302

59.296

76.578

78.356

92.823

3.585

3.985

3.605

4.825

5.374

6.091

6.746

4.195

269

5.347

7.844

8.870

9.620

67.745

69.603

90.804

116.593

162.960

272.757

335.612

28.699

5.974

250.649

388.795

374.989

355.167

Hồng Kông

423

1.421

959

2.327

3.004

4.878

5.467

1.203

3

27

Indonesia

5.899

5.805

4.640

6.005

6.214

6.665

8.379

3.457

166

6.881

15.351

12.876

24.585

Lào

8.173

9.956

9.674

11.714

7.386

16.096

7.869

12.391

1.237

6.471

11.185

17.260

19.450

23.459

28.516

29.516

34.488

42.150

42.328

52.113

23.221

607

43.044

52.195

38.114

51.354

Na Uy

1.680

2.016

1.746

2.553

1.886

2.220

2.494

1.646

125

1.787

2.820

2.922

3.273

New Zealand

1.861

2.121

1.828

2.061

2.554

2.573

2.856

1.587

49

2.098

2.958

3.978

4.963

17.011

30.677

39.555

27.950

34.852

57.407

62.023

68.880

72.222

1.673

10.751

20.558

45.639

120.226

50.865

57.764

58.266

61.257

69.287

71.917

77.730

82.533

37.385

1.756

46.702

71.663

78.779

93.460

7.631

7.765

7.310

8.514

8.656

10.518

13.430

7.664

389

9.523

17.023

31.673

51.915

22.594

24.419

21.543

25.085

26.739

30.176

32.185

17.121

688

21.013

31.396

39.370

40.259

Phần Lan

1.410

1.483

1.764

2.287

2.419

3.265

3.081

1.741

36

891

Singapore

14.996

18.147

17.516

21.358

22.991

22.248

24.651

9.883

586

25.951

26.832

30.813

37.701

23.561

22.499

15.695

23.311

24.371

25.016

44.606

18.171

661

47.927

42.950

46.147

48.778

Thụy sĩ

2.413

2.665

2.526

3.160

2.812

2.972

3.298

2.005

113

2.330

3.275

3.734

4.441

Thụy Điển

3.514

3.442

3.174

4.912

5.703

5.847

6.643

3.752

133

2.474

3.574

3.960

4.326

129.961

190.476

103.670

214.067

297.915

454.622

391.185

33.194

7.872

69.329

352.173

630.898

482.587

1.742

2.322

2.240

3.301

3.624

3.871

4.115

2.585

76

3.738

5.671

6.430

6.412

16.318

19.670

18.345

24.019

24.061

28.854

29.367

17.873

734

23.071

33.497

41.026

42.254

22.878

22.194

20.953

23.475

23.146

26.196

27.899

13.821

1.695

25.294

35.137

42.303

54.035

Ý

3.054

3.329

3.512

4.679

4.987

6.060

7.387

1.541

149

4.814

8.492

10.544

10.530

Đan mạch

2.687

2.909

2.711

3.751

3.689

4.768

5.264

3.069

149

3.210

4.638

5.158

5.875

28.427

32.131

36.657

36.285

46.333

52.862

65.390

22.344

4.019

41.752

101.502

112.215

95.877

10.099

15.574

15.975

20.268

22.013

24.203

26.384

15.383

1.204

20.290

29.674

34.935

40.251

9.922

12.595

24.209

36.981

51.141

84.196

Hà Lan
Hàn Quốc

Malaysia

32.572

13.193

45.722

15.859

41.462

18.248

Nga
Nhật Bản

31.619

39.550

43.500

64.484

24.125

Philippines
Pháp

Thái Lan

Trung Quốc

18.547

13.581

33.873

22.388

22.589

24.378

18.624

90.258

96.467

101.482

Tây Ban Nha
Vương quốc Anh
Úc

Đài Loan
Đức
Ấn Độ

13.653
15.274

21.572

22.613

28.671

20.089

26.056

23.212

30.558

Totals 303.489 473.509 475.733 561.877 587.366 709.725 617.895 830.608 1.005.821 1.343.314 1.410.187 449.923 41.740 895.425 1.599.074 2.054.309 2.080.079

https://thongke.tourism.vn/index.php/statistic/stat/6?share=99&type=type1&rowcode=14&input-type=4&row-list=14_1401,14_1402,14_140102,14_140106,14_140108,14_140110,14_140111,14_140119,14_140122,1…

1/1

