6/28/26, 9:07 PM

Cơ sở dữ liệu trực tuyến thống kê du lịch - Cục Du lịch Quốc Gia Việt Nam

Năm
2009

2010

2011

2012

2013

2014

2015

2016

2017

2018

2019

2020

2022

2023

2024

2025

2026

7.120

12.653

18.463

Phân theo thị trường
Ba Lan
Bỉ

1.439

2.001

1.761

2.103

2.230

2.554

2.537

2.699

77

1.838

2.396

3.164

4.208

19.086

35.357

27.953

9.868

22.861

21.101

13.696

44.280

728

35.771

41.832

41.916

54.205

11.157

13.800

13.821

14.963

17.642

19.207

19.195

16.049

430

16.163

18.138

21.950

26.971

26.051

71.513

53.193

Các thị trường khác thuộc châu Mỹ

6.494

7.210

7.389

6.687

6.922

204

4.377

6.507

7.345

8.876

Các thị trường khác thuộc châu Phi

1.531

2.442

2.853

3.476

3.879

121

2.035

4.053

4.123

4.795

Các thị trường khác thuộc châu Á

19.119

18.333

12.621

13.559

11.392

1.170

47.481

74.469

166.682

142.102

Các thị trường khác thuộc châu Âu

17.698

21.510

26.549

26.895

30.924

1.055

26.784

67.322

36.198

101.991

Các thị trường khác thuộc châu Úc

387

73

96

73

107

7

53

74

120

109

Campuchia

17.342

Canada

10.013

Các thị trường khác

87.195

Hoa Kỳ

39.773

122.384

48.307

24.992

135.191

49.787

31.655

184.305

48.585

44.019

50.533

57.308

60.140

63.519

75.168

77.423

58.505

2.966

69.648

80.129

87.676

105.981

3.566

4.481

4.980

4.843

6.074

6.531

7.079

6.941

164

5.359

7.117

8.525

10.583

72.348

86.616

145.563

142.234

192.572

303.391

383.205

321.967

5.079

301.343

426.506

468.026

481.589

Hồng Kông

475

2.736

1.061

2.009

3.786

3.712

4.660

1.072

2

17

Indonesia

4.204

4.943

7.158

3.843

4.970

5.863

6.174

5.611

100

5.873

12.417

16.676

18.421

Lào

6.838

13.081

9.320

7.614

17.661

8.826

11.913

14.747

1.817

14.476

14.547

18.511

15.543

23.682

26.560

19.269

30.567

38.478

42.947

43.369

42.199

458

34.992

43.014

60.051

57.578

Na Uy

2.027

2.549

2.378

2.821

3.102

3.346

3.831

3.656

2.357

3.674

4.068

5.688

New Zealand

1.612

2.053

4.803

2.106

2.477

2.643

2.725

2.375

40

2.237

2.677

3.031

3.685

20.433

28.253

43.282

33.634

30.989

59.463

66.766

70.774

84.516

2.107

11.558

19.054

36.500

121.493

51.412

47.126

54.698

59.321

59.291

63.279

65.865

70.841

73.879

1.587

36.344

46.742

75.087

67.047

6.044

8.197

7.933

7.615

10.845

10.113

12.934

12.886

218

11.091

15.448

30.003

50.532

16.900

21.180

20.703

21.867

26.536

27.040

28.145

28.940

629

19.255

24.287

35.034

40.411

Phần Lan

1.929

1.962

4.054

2.770

2.994

3.766

3.864

3.852

24

1.235

Singapore

12.160

13.854

16.160

16.307

17.695

19.736

18.441

14.959

310

18.973

21.862

25.851

30.549

15.488

19.093

19.376

18.616

25.205

26.134

34.877

44.372

477

42.219

35.057

37.518

38.682

Thụy sĩ

2.726

3.218

3.325

3.598

3.409

3.965

3.801

73

2.556

3.497

4.172

5.641

Thụy Điển

3.612

4.599

6.549

4.944

6.725

8.879

10.087

7.480

81

3.034

4.517

5.038

6.866

130.530

238.265

117.566

218.947

403.663

483.319

516.351

193.923

4.031

55.029

295.480

380.745

463.147

Tây Ban Nha

1.503

2.060

2.737

2.642

3.588

3.550

3.828

4.099

129

3.160

4.498

6.052

6.172

Vương quốc Anh

14.780

19.744

21.284

22.802

26.861

28.505

30.967

31.446

481

22.622

29.127

39.148

43.868

23.168

26.832

45.237

26.057

27.867

32.211

30.286

24.515

1.080

27.388

35.305

38.313

45.121

Ý

2.441

3.502

6.358

4.178

5.188

6.319

6.799

6.215

143

4.149

6.681

9.699

11.116

Đan mạch

3.059

3.768

3.675

4.405

5.165

5.830

6.238

6.197

71

3.500

4.958

6.120

7.939

39.970

45.836

27.057

52.697

64.314

62.966

77.916

93.758

2.899

58.822

114.115

126.929

119.112

4.283

15.713

15.788

17.934

21.495

22.765

23.977

22.131

759

17.911

25.635

33.331

39.032

9.875

11.374

12.437

23.319

33.156

43.678

70.856

Hà Lan
Hàn Quốc

Malaysia

39.271

14.202

44.284

14.318

50.703

18.109

Nga
Nhật Bản

34.725

36.765

81.220

25.302

Philippines
Pháp

Thái Lan

Trung Quốc

Úc

Đài Loan
Đức
Ấn Độ

16.052

12.247

41.608

18.379

29.448

19.194

16.757

69.358

23.719

33.895

20.817

22.360

17.269

114.748

26.748

36.560

142.462

29.527

44.588

Totals 342.913 446.323 494.924 681.849 570.476 842.026 756.000 843.726 1.199.421 1.431.845 1.588.161 1.242.731 29.517 932.969 1.531.411 1.893.933 2.228.372

https://thongke.tourism.vn/index.php/statistic/stat/6?share=99&type=type1&rowcode=14&input-type=4&row-list=14_1401,14_1402,14_140102,14_140106,14_140108,14_140110,14_140111,14_140119,14_140122,1…

1/1

