6/28/26, 9:07 PM

Cơ sở dữ liệu trực tuyến thống kê du lịch - Cục Du lịch Quốc Gia Việt Nam

Năm
2008

2009

2010

2011

2012

2013

2014

2015

2016

2017

2018

2019

2022

2023

2024

2025

Phân theo thị trường
Ba Lan
Bỉ

2.091

Campuchia

11.777

Canada

8.857

Châu Á

189.242

Châu Âu

49.999

Các thị trường khác

17.524

1.388

2.128

2.913

3.097

3.306

3.658

3.855

4.310

4.833

1.528

2.891

3.271

4.878

30.633

26.537

10.281

21.097

15.979

12.303

5.289

24.576

27.512

28.532

41.151

8.712

7.716

7.757

8.911

9.491

9.749

10.951

3.884

7.524

6.762

10.003

54.127

26.090

24.669

Các thị trường khác thuộc châu Mỹ

4.066

4.252

4.230

4.653

1.786

3.484

3.746

4.730

Các thị trường khác thuộc châu Phi

2.222

2.986

3.508

3.718

999

2.326

3.888

4.874

Các thị trường khác thuộc châu Á

21.022

17.827

9.689

11.140

24.471

41.276

42.523

91.007

Các thị trường khác thuộc châu Âu

11.802

12.843

13.488

14.693

5.648

11.341

11.565

21.027

Các thị trường khác thuộc châu Úc

490

55

113

88

42

72

100

163

Hoa Kỳ

39.812

Hà Lan

4.555

Hàn Quốc

32.443

Hồng Kông

25.867

41.242

23.033

7.384

74.020

38.625

102.385

38.881

45.229

51.520

56.832

63.851

72.627

34.832

71.661

62.900

72.509

6.223

5.836

6.877

7.347

8.046

8.421

8.632

2.712

5.286

5.743

11.913

53.269

56.450

73.108

116.960

193.569

252.396

321.493

88.335

286.126

309.151

317.070

375

887

644

1.958

2.963

3.889

4.826

2.397

8

4

Indonesia

1.731

5.862

3.766

6.535

8.261

11.072

7.134

8.317

3.609

8.720

14.069

16.784

Lào

2.156

17.506

16.066

9.019

16.137

14.691

15.589

5.696

11.790

15.080

16.151

25.906

Malaysia

13.587

26.120

16.661

21.615

26.376

32.850

31.079

38.849

13.603

30.516

27.509

36.933

Na Uy

2.735

4.069

4.385

3.842

4.028

4.620

4.815

4.801

1.728

4.666

4.636

5.197

New Zealand

2.028

3.376

3.569

3.260

5.327

6.452

6.364

5.302

1.131

3.737

4.437

5.409

Nga

2.368

16.642

22.713

21.688

28.883

34.655

34.767

38.030

2.113

7.925

14.223

55.289

Nhật Bản

27.165

44.485

44.681

50.221

57.389

58.614

60.367

68.782

17.715

42.581

44.569

55.947

Philippines

3.776

7.611

7.463

7.563

8.695

10.228

11.219

12.789

4.388

13.319

21.791

37.034

Pháp

13.611

15.829

15.872

16.618

18.193

18.211

19.646

19.558

7.409

14.402

15.273

24.534

1.088

929

578

552

741

696

779

562

586

14.720

13.452

16.177

16.938

19.183

18.145

21.192

16.757

24.591

20.367

26.997

22.407

19.594

11.597

17.865

17.960

18.417

32.043

17.643

23.917

20.927

29.125

10.494

20.003

12.468

36.827

16.472

29.536

16.085

34.764

117.261

36.723

23.906

36.098

89.847

38.948

21.496

33.130

12.787

34.370

51.075

23.518

40.515

15.584

Phần Lan

404

Singapore

11.673

Thái Lan

10.498

Thụy sĩ

2.046

2.661

2.779

2.757

2.851

2.828

2.986

2.925

1.362

2.215

2.304

3.664

Thụy Điển

1.679

2.507

2.545

2.248

2.730

2.843

2.850

2.881

1.068

2.411

2.503

2.616

Trung Quốc

44.194

173.257

123.442

136.589

263.971

329.319

404.508

406.926

10.854

180.426

249.262

391.051

Tây Ban Nha

2.092

3.118

3.629

3.679

4.797

5.980

6.571

7.752

2.021

5.242

6.291

8.340

Vương quốc Anh

8.066

14.421

15.020

16.738

19.365

21.672

21.879

22.178

8.996

17.978

17.354

26.248

Úc

22.538

31.263

30.997

28.965

30.651

36.451

36.969

34.731

17.201

36.608

37.853

47.701

Ý

1.284

1.953

1.879

2.280

3.026

3.164

3.412

3.457

1.555

3.242

3.709

5.491

Đan mạch

2.279

3.601

3.731

3.624

4.092

4.313

4.843

5.072

1.759

3.428

3.237

4.536

Đài Loan

29.867

45.567

38.428

46.083

53.703

59.800

66.250

86.701

12.465

92.589

101.465

106.653

Đức

6.789

6.775

7.884

8.705

10.550

11.609

13.976

14.764

8.029

12.653

11.587

16.081

9.451

11.753

32.228

32.346

49.599

Ấn Độ

16.053
9.478

34.937

15.696

24.411

15.981

74.633

23.522

32.594

16.833

123.167

18.547

30.019

90.741

20.643

32.427

Totals 569.241 271.422 410.000 460.000 466.000 658.325 564.736 593.566 856.438 1.036.880 1.188.817 1.315.792 352.579 1.038.563 1.151.432 1.562.588

https://thongke.tourism.vn/index.php/statistic/stat/6?share=99&type=type1&rowcode=14&input-type=4&row-list=14_1401,14_1402,14_140102,14_140106,14_140108,14_140110,14_140111,14_140119,14_140122,1…

1/1

