6/28/26, 9:07 PM

Cơ sở dữ liệu trực tuyến thống kê du lịch - Cục Du lịch Quốc Gia Việt Nam

Năm
2009

2010

2011

2012

2013

2014

2015

2016

2017

2018

2019

2022

2023

2024

2025

Phân theo thị trường
Ba Lan
Bỉ

1.010

1.406

1.029

1.026

1.010

1.017

1.309

1.345

1.509

641

1.138

1.194

1.290

29.096

31.863

11.739

12.113

19.999

14.672

3.335

11.919

30.487

34.600

35.753

6.528

6.741

6.280

6.883

8.253

8.420

8.971

2.990

7.107

7.553

7.441

52.031

11.920

22.296

Các thị trường khác thuộc châu Mỹ

4.857

4.179

4.540

4.437

1.268

3.509

4.343

4.763

Các thị trường khác thuộc châu Phi

2.235

2.063

2.723

2.912

831

1.904

3.667

3.576

Các thị trường khác thuộc châu Á

27.065

16.715

9.118

10.211

17.996

39.612

60.191

87.839

Các thị trường khác thuộc châu Âu

10.046

9.412

10.144

11.734

4.391

13.157

10.646

20.390

Các thị trường khác thuộc châu Úc

435

87

83

81

30

113

72

121

Campuchia

20.571

Canada

5.359

Các thị trường khác

68.314

Hoa Kỳ

39.318

88.624

37.180

38.628

109.397

37.223

21.607

92.371

36.298

38.340

39.307

40.533

47.403

51.943

58.976

63.851

27.088

66.778

64.856

73.715

2.671

2.824

2.596

3.266

3.966

4.202

4.591

1.877

3.656

3.821

3.878

54.673

50.650

72.927

109.806

177.061

271.848

314.397

51.363

284.350

329.617

303.130

Hồng Kông

767

506

1.737

3.380

4.197

5.413

2.735

10

5

Indonesia

5.903

6.591

4.439

4.686

5.592

9.671

10.494

2.342

7.471

15.502

16.879

Lào

9.766

13.391

6.673

8.496

10.732

7.422

4.014

7.401

9.709

11.701

13.786

35.976

34.647

35.847

36.314

35.536

44.641

46.016

10.758

40.415

39.385

46.352

Na Uy

1.392

1.482

1.243

1.307

1.405

1.491

1.445

659

1.330

1.249

2.767

New Zealand

2.163

2.525

2.413

3.682

3.501

3.470

3.296

683

2.839

3.204

4.226

Nga

17.098

18.747

22.558

24.145

38.087

37.646

39.055

1.730

7.676

13.560

49.718

43.653

44.651

46.555

54.149

55.830

59.748

66.772

11.649

37.012

46.439

51.162

9.074

9.494

9.027

9.003

11.486

13.589

14.990

3.414

11.677

20.151

42.104

10.248

10.508

9.572

11.727

12.529

13.464

13.179

5.162

10.599

12.146

13.590

802

810

666

675

831

1.003

760

433

721

19.217

16.767

24.054

25.009

25.414

27.856

27.686

16.384

32.202

35.041

40.364

19.625

20.458

13.430

16.031

18.391

22.540

29.642

11.116

29.551

28.921

30.154

Thụy sĩ

1.272

1.401

1.178

1.101

1.469

1.513

1.336

633

1.293

1.378

1.441

Thụy Điển

1.577

1.558

1.548

1.624

1.729

1.974

1.790

691

1.454

1.467

2.236

129.577

136.726

113.906

193.310

315.312

415.540

347.724

10.047

158.260

286.165

364.801

Tây Ban Nha

1.727

2.080

2.150

2.674

3.352

4.218

4.202

1.126

3.428

4.317

5.152

Vương quốc Anh

12.253

13.529

12.873

16.209

18.689

19.595

18.770

6.534

15.702

17.479

20.319

20.609

20.527

19.032

21.168

27.003

26.330

24.700

11.515

27.252

30.169

34.869

Ý

1.673

1.919

1.927

2.502

2.792

3.105

3.228

1.297

2.733

3.331

3.866

Đan mạch

1.224

1.257

1.249

1.213

1.343

1.483

1.446

741

1.360

1.314

1.301

33.952

29.762

33.987

40.411

50.176

55.406

73.083

6.737

70.508

100.952

97.089

3.375

6.109

6.000

6.632

8.979

9.381

10.029

5.221

9.938

10.751

11.396

10.532

13.024

40.064

43.045

65.993

Hà Lan
Hàn Quốc

Malaysia

Nhật Bản

31.949

14.211

21.093

35.448

20.548

29.755

39.407

22.931

31.204

46.923

29.131

36.648

Philippines
Pháp

10.001

10.184

10.246

9.551

Phần Lan
Singapore
Thái Lan

Trung Quốc

Úc

Đài Loan
Đức
Ấn Độ

18.110
13.902

39.494

14.609

20.900

16.453

71.719

19.021

26.204

15.493

115.621

17.728

29.402

79.020

19.364

31.023

Totals 279.150 375.707 469.897 417.429 567.291 539.776 529.445 710.574 949.362 1.183.102 1.185.445 236.677 975.010 1.249.237 1.462.867

https://thongke.tourism.vn/index.php/statistic/stat/6?share=99&type=type1&rowcode=14&input-type=4&row-list=14_1401,14_1402,14_140102,14_140106,14_140108,14_140110,14_140111,14_140119,14_140122,1…

1/1

